0   1   1   2   2   2   2   100 100 100
45  0   1   0   1   0   0   45  0   0 
45  1   0   0   0   0   1   0   45  0
45  0   0   1   0   1   0   0   0   45 
0   -1  1   -1  1   0   0   -45 0   0
20   1  -1  0   0   -1  1   0   -45 0
25  0   0   1   -1  1   -1  0   0   -45 
10  1   0   0   0   0   0   0   0   0
10  0   1   0   0   0   0   0   0   0
35  0   0   1   0   0   0   0   0   0
35  0   0   0   1   0   0   0   0   0
20  0   0   0   0   1   0   0   0   0  
20  0   0   0   0   0   1   0   0   0
1   0   0   0   0   0   0   1   0   0
1   0   0   0   0   0   0   0   1   0          
1   0   0   0   0   0   0   0   0   1
0   1   -1  1  -1   0   0   -45 0   0
-20 -1  1   0   0   1   -1  0   -45 0
-25 0   0   -1  1   -1  1   0   0   -45